0   50.000
0.5 51.439
1   52.876
1.5 54.309
2   55.737
2.5 57.157
3   58.568
3.5 59.968
4   61.356
4.5 62.729
5   64.086
5.5 65.425
6   66.746
6.5 68.046
7   69.324
7.5 70.579
8   71.810
8.5 73.015
9   74.194
9.5 75.346
10  76.470
10.5 77.565
11   78.630
11.5 79.665
12   80.670
12.5 81.644
13   82.587
13.5 83.498
14   84.378
14.5 85.226
15   86.043
15.5 86.829
16   87.583
16.5 88.307
17   89.000
17.5 89.664
18   90.298
18.5 90.903
19   91.479
19.5 92.028
20   92.549
20.5 93.044
21   93.513
21.5 93.958
22   94.378
22.5 94.775
23   95.149
23.5 95.501
24   95.833
24.5 96.144
25   96.436
25.5 96.710
26   96.967
26.5 97.206
27   97.430
27.5 97.638
28   97.832
28.5 98.012
29   98.180
29.5 98.335
30   98.479
31   98.735
32   98.952
33   99.137
34   99.292
35   99.422
36   99.530
37   99.620
38   99.694
39   99.755
40   99.805
100 100.000 


Source:
https://www.pro-football-reference.com/about/win_prob.htm
Excel formula: 1 - NORMDIST(0.5,7,13.86,TRUE)
